0.000000 0.243564 0.204728 0.101841 0.707825 0.294560 0.241362 0.294560 0.707825 0.101841 0.204728 0.243564 0.000000
0.243564 0.554537 0.664152 0.709512 0.378792 1.021740 1.064639 1.021740 0.378792 0.709512 0.664152 0.554537 0.243564
0.204728 0.664152 0.877174 1.064639 1.164039 0.901813 0.973441 0.901813 1.164039 1.064639 0.877174 0.664152 0.204728
0.101841 0.709512 1.064639 1.142077 1.444652 1.701908 1.792547 1.701908 1.444652 1.142077 1.064639 0.709512 0.101841
0.707825 0.378792 1.164039 1.444652 1.599679 2.127413 2.201639 2.127413 1.599679 1.444652 1.164039 0.378792 0.707825
0.294560 1.021740 0.901813 1.701908 2.127413 2.724700 3.421161 2.724700 2.127413 1.701908 0.901813 1.021740 0.294560
0.241362 1.064639 0.973441 1.792547 2.201639 3.421161 4.454189 3.421161 2.201639 1.792547 0.973441 1.064639 0.241362
0.294560 1.021740 0.901813 1.701908 2.127413 2.724700 3.421161 2.724700 2.127413 1.701908 0.901813 1.021740 0.294560
0.707825 0.378792 1.164039 1.444652 1.599679 2.127413 2.201639 2.127413 1.599679 1.444652 1.164039 0.378792 0.707825
0.101841 0.709512 1.064639 1.142077 1.444652 1.701908 1.792547 1.701908 1.444652 1.142077 1.064639 0.709512 0.101841
0.204728 0.664152 0.877174 1.064639 1.164039 0.901813 0.973441 0.901813 1.164039 1.064639 0.877174 0.664152 0.204728
0.243564 0.554537 0.664152 0.709512 0.378792 1.021740 1.064639 1.021740 0.378792 0.709512 0.664152 0.554537 0.243564
0.000000 0.243564 0.204728 0.101841 0.707825 0.294560 0.241362 0.294560 0.707825 0.101841 0.204728 0.243564 0.000000
